Ano	Mes	Dia	Total
2001	1	1	0
2001	1	2	5
2001	1	3	15
2001	1	4	3
2001	1	5	0
2001	1	6	0
2001	1	7	7
2001	1	8	16
2001	1	9	0
2001	1	10	0
2001	1	11	20
2001	1	12	42
2001	1	13	31
2001	1	14	6
2001	1	15	3
2001	1	16	0
2001	1	17	0
2001	1	18	0
2001	1	19	0
2001	1	20	60
2001	1	21	3
2001	1	22	0
2001	1	23	0
2001	1	24	63
2001	1	25	0
2001	1	26	0
2001	1	27	0
2001	1	28	0
2001	1	29	18
2001	1	30	3
2001	1	31	0
2001	2	1	0
2001	2	2	0
2001	2	3	0
2001	2	4	47
2001	2	5	0
2001	2	6	0
2001	2	7	0
2001	2	8	14
2001	2	9	0
2001	2	10	45
2001	2	11	0
2001	2	12	3
2001	2	13	12
2001	2	14	30
2001	2	15	42
2001	2	16	23
2001	2	17	0
2001	2	18	0
2001	2	19	35
2001	2	20	0
2001	2	21	28
2001	2	22	16
2001	2	23	0
2001	2	24	8
2001	2	25	0
2001	2	26	0
2001	2	27	0
2001	2	28	0
2001	3	1	0
2001	3	2	0
2001	3	3	0
2001	3	4	0
2001	3	5	0
2001	3	6	0
2001	3	7	13
2001	3	8	0
2001	3	9	5
2001	3	10	0
2001	3	11	17
2001	3	12	0
2001	3	13	0
2001	3	14	7
2001	3	15	0
2001	3	16	2
2001	3	17	0
2001	3	18	5
2001	3	19	45
2001	3	20	0
2001	3	21	0
2001	3	22	15
2001	3	23	0
2001	3	24	4
2001	3	25	0
2001	3	26	0
2001	3	27	0
2001	3	28	8
2001	3	29	0
2001	3	30	0
2001	3	31	0
2001	4	1	0
2001	4	2	0
2001	4	3	0
2001	4	4	0
2001	4	5	0
2001	4	6	0
2001	4	7	0
2001	4	8	0
2001	4	9	0
2001	4	10	0
2001	4	11	0
2001	4	12	0
2001	4	13	0
2001	4	14	0
2001	4	15	0
2001	4	16	0
2001	4	17	0
2001	4	18	0
2001	4	19	0
2001	4	20	0
2001	4	21	17
2001	4	22	20
2001	4	23	3
2001	4	24	0
2001	4	25	0
2001	4	26	0
2001	4	27	0
2001	4	28	0
2001	4	29	0
2001	4	30	0
2001	5	1	0
2001	5	2	0
2001	5	3	0
2001	5	4	0
2001	5	5	0
2001	5	6	0
2001	5	7	0
2001	5	8	0
2001	5	9	0
2001	5	10	0
2001	5	11	16
2001	5	12	10
2001	5	13	0
2001	5	14	0
2001	5	15	0
2001	5	16	0
2001	5	17	0
2001	5	18	0
2001	5	19	0
2001	5	20	0
2001	5	21	0
2001	5	22	72
2001	5	23	0
2001	5	24	0
2001	5	25	0
2001	5	26	70
2001	5	27	2
2001	5	28	0
2001	5	29	0
2001	5	30	0
2001	5	31	0
2001	6	1	0
2001	6	2	0
2001	6	3	0
2001	6	4	0
2001	6	5	0
2001	6	6	0
2001	6	7	0
2001	6	8	0
2001	6	9	0
2001	6	10	0
2001	6	11	0
2001	6	12	0
2001	6	13	0
2001	6	14	0
2001	6	15	0
2001	6	16	0
2001	6	17	8
2001	6	18	0
2001	6	19	0
2001	6	20	0
2001	6	21	0
2001	6	22	0
2001	6	23	0
2001	6	24	0
2001	6	25	0
2001	6	26	0
2001	6	27	0
2001	6	28	0
2001	6	29	0
2001	6	30	0
2001	7	1	0
2001	7	2	0
2001	7	3	0
2001	7	4	0
2001	7	5	0
2001	7	6	0
2001	7	7	0
2001	7	8	0
2001	7	9	0
2001	7	10	0
2001	7	11	7
2001	7	12	0
2001	7	13	0
2001	7	14	0
2001	7	15	0
2001	7	16	0
2001	7	17	0
2001	7	18	0
2001	7	19	0
2001	7	20	0
2001	7	21	0
2001	7	22	0
2001	7	23	0
2001	7	24	0
2001	7	25	0
2001	7	26	4
2001	7	27	14
2001	7	28	0
2001	7	29	0
2001	7	30	0
2001	7	31	0
2001	8	1	0
2001	8	2	0
2001	8	3	0
2001	8	4	0
2001	8	5	0
2001	8	6	0
2001	8	7	0
2001	8	8	0
2001	8	9	0
2001	8	10	0
2001	8	11	0
2001	8	12	0
2001	8	13	0
2001	8	14	0
2001	8	15	0
2001	8	16	0
2001	8	17	0
2001	8	18	0
2001	8	19	0
2001	8	20	0
2001	8	21	0
2001	8	22	0
2001	8	23	0
2001	8	24	0
2001	8	25	16
2001	8	26	17
2001	8	27	0
2001	8	28	35
2001	8	29	0
2001	8	30	0
2001	8	31	0
2001	9	1	0
2001	9	2	0
2001	9	3	0
2001	9	4	0
2001	9	5	0
2001	9	6	0
2001	9	7	0
2001	9	8	0
2001	9	9	0
2001	9	10	0
2001	9	11	0
2001	9	12	0
2001	9	13	0
2001	9	14	30
2001	9	15	0
2001	9	16	0
2001	9	17	0
2001	9	18	0
2001	9	19	0
2001	9	20	0
2001	9	21	7
2001	9	22	0
2001	9	23	0
2001	9	24	0
2001	9	25	15
2001	9	26	48
2001	9	27	0
2001	9	28	0
2001	9	29	0
2001	9	30	0
2001	10	1	0
2001	10	2	0
2001	10	3	0
2001	10	4	0
2001	10	5	0
2001	10	6	0
2001	10	7	0
2001	10	8	30
2001	10	9	13
2001	10	10	0
2001	10	11	0
2001	10	12	12
2001	10	13	12
2001	10	14	0
2001	10	15	0
2001	10	16	0
2001	10	17	0
2001	10	18	0
2001	10	19	5
2001	10	20	50
2001	10	21	0
2001	10	22	0
2001	10	23	0
2001	10	24	0
2001	10	25	0
2001	10	26	0
2001	10	27	0
2001	10	28	0
2001	10	29	0
2001	10	30	0
2001	10	31	0
2001	11	1	0
2001	11	2	0
2001	11	3	23
2001	11	4	8
2001	11	5	0
2001	11	6	0
2001	11	7	0
2001	11	8	0
2001	11	9	25
2001	11	10	3
2001	11	11	0
2001	11	12	0
2001	11	13	27
2001	11	14	55
2001	11	15	35
2001	11	16	3
2001	11	17	0
2001	11	18	0
2001	11	19	0
2001	11	20	3
2001	11	21	17
2001	11	22	0
2001	11	23	5
2001	11	24	0
2001	11	25	3
2001	11	26	17
2001	11	27	18
2001	11	28	55
2001	11	29	13
2001	11	30	8
2001	12	1	0
2001	12	2	0
2001	12	3	0
2001	12	4	10
2001	12	5	0
2001	12	6	0
2001	12	7	0
2001	12	8	0
2001	12	9	0
2001	12	10	5
2001	12	11	7
2001	12	12	28
2001	12	13	6
2001	12	14	47
2001	12	15	0
2001	12	16	0
2001	12	17	0
2001	12	18	0
2001	12	19	0
2001	12	20	0
2001	12	21	18
2001	12	22	55
2001	12	23	0
2001	12	24	0
2001	12	25	12
2001	12	26	18
2001	12	27	3
2001	12	28	20
2001	12	29	0
2001	12	30	0
2001	12	31	8
2002	1	1	0
2002	1	2	2
2002	1	3	0
2002	1	4	0
2002	1	5	13
2002	1	6	0
2002	1	7	0
2002	1	8	16
2002	1	9	0
2002	1	10	13
2002	1	11	43
2002	1	12	5
2002	1	13	0
2002	1	14	5
2002	1	15	18
2002	1	16	19
2002	1	17	0
2002	1	18	0
2002	1	19	0
2002	1	20	13
2002	1	21	20
2002	1	22	0
2002	1	23	2
2002	1	24	0
2002	1	25	0
2002	1	26	0
2002	1	27	0
2002	1	28	0
2002	1	29	0
2002	1	30	25
2002	1	31	0
2002	2	1	0
2002	2	2	0
2002	2	3	0
2002	2	4	0
2002	2	5	0
2002	2	6	0
2002	2	7	0
2002	2	8	0
2002	2	9	0
2002	2	10	0
2002	2	11	0
2002	2	12	0
2002	2	13	0
2002	2	14	0
2002	2	15	100
2002	2	16	0
2002	2	17	0
2002	2	18	15
2002	2	19	0
2002	2	20	28
2002	2	21	25
2002	2	22	6
2002	2	23	0
2002	2	24	0
2002	2	25	18
2002	2	26	16
2002	2	27	0
2002	2	28	0
2002	3	1	0
2002	3	2	0
2002	3	3	0
2002	3	4	0
2002	3	5	13
2002	3	6	0
2002	3	7	8
2002	3	8	0
2002	3	9	0
2002	3	10	27
2002	3	11	0
2002	3	12	0
2002	3	13	0
2002	3	14	8
2002	3	15	6
2002	3	16	0
2002	3	17	0
2002	3	18	0
2002	3	19	30
2002	3	20	11
2002	3	21	0
2002	3	22	62
2002	3	23	4
2002	3	24	15
2002	3	25	0
2002	3	26	0
2002	3	27	4
2002	3	28	53
2002	3	29	0
2002	3	30	0
2002	3	31	0
2002	4	1	0
2002	4	2	0
2002	4	3	0
2002	4	4	0
2002	4	5	0
2002	4	6	0
2002	4	7	0
2002	4	8	0
2002	4	9	0
2002	4	10	0
2002	4	11	0
2002	4	12	8
2002	4	13	0
2002	4	14	18
2002	4	15	0
2002	4	16	0
2002	4	17	0
2002	4	18	0
2002	4	19	0
2002	4	20	0
2002	4	21	0
2002	4	22	0
2002	4	23	0
2002	4	24	0
2002	4	25	0
2002	4	26	0
2002	4	27	0
2002	4	28	0
2002	4	29	8
2002	4	30	0
2002	5	1	0
2002	5	2	0
2002	5	3	0
2002	5	4	8
2002	5	5	0
2002	5	6	0
2002	5	7	0
2002	5	8	4
2002	5	9	0
2002	5	10	0
2002	5	11	0
2002	5	12	0
2002	5	13	0
2002	5	14	0
2002	5	15	0
2002	5	16	0
2002	5	17	0
2002	5	18	0
2002	5	19	0
2002	5	20	34
2002	5	21	0
2002	5	22	0
2002	5	23	0
2002	5	24	0
2002	5	25	0
2002	5	26	0
2002	5	27	0
2002	5	28	0
2002	5	29	0
2002	5	30	0
2002	5	31	0
2002	6	1	0
2002	6	2	0
2002	6	3	0
2002	6	4	0
2002	6	5	0
2002	6	6	0
2002	6	7	0
2002	6	8	0
2002	6	9	0
2002	6	10	0
2002	6	11	0
2002	6	12	0
2002	6	13	0
2002	6	14	0
2002	6	15	0
2002	6	16	0
2002	6	17	0
2002	6	18	0
2002	6	19	0
2002	6	20	0
2002	6	21	0
2002	6	22	0
2002	6	23	0
2002	6	24	0
2002	6	25	0
2002	6	26	0
2002	6	27	0
2002	6	28	0
2002	6	29	0
2002	6	30	0
2002	7	1	0
2002	7	2	0
2002	7	3	0
2002	7	4	0
2002	7	5	0
2002	7	6	0
2002	7	7	0
2002	7	8	0
2002	7	9	0
2002	7	10	0
2002	7	11	0
2002	7	12	0
2002	7	13	0
2002	7	14	0
2002	7	15	0
2002	7	16	0
2002	7	17	0
2002	7	18	0
2002	7	19	0
2002	7	20	0
2002	7	21	5
2002	7	22	27
2002	7	23	0
2002	7	24	0
2002	7	25	0
2002	7	26	0
2002	7	27	0
2002	7	28	0
2002	7	29	0
2002	7	30	0
2002	7	31	0
2002	8	1	6
2002	8	2	0
2002	8	3	0
2002	8	4	0
2002	8	5	0
2002	8	6	0
2002	8	7	0
2002	8	8	0
2002	8	9	0
2002	8	10	0
2002	8	11	0
2002	8	12	0
2002	8	13	0
2002	8	14	0
2002	8	15	0
2002	8	16	0
2002	8	17	0
2002	8	18	0
2002	8	19	0
2002	8	20	0
2002	8	21	0
2002	8	22	0
2002	8	23	0
2002	8	24	0
2002	8	25	0
2002	8	26	0
2002	8	27	0
2002	8	28	0
2002	8	29	17
2002	8	30	0
2002	8	31	17
2002	9	1	0
2002	9	2	0
2002	9	3	0
2002	9	4	0
2002	9	5	0
2002	9	6	0
2002	9	7	0
2002	9	8	0
2002	9	9	0
2002	9	10	0
2002	9	11	0
2002	9	12	0
2002	9	13	0
2002	9	14	0
2002	9	15	0
2002	9	16	0
2002	9	17	0
2002	9	18	0
2002	9	19	0
2002	9	20	0
2002	9	21	0
2002	9	22	0
2002	9	23	0
2002	9	24	0
2002	9	25	0
2002	9	26	0
2002	9	27	0
2002	9	28	0
2002	9	29	0
2002	9	30	0
2002	10	1	0
2002	10	2	0
2002	10	3	0
2002	10	4	0
2002	10	5	3
2002	10	6	6
2002	10	7	2
2002	10	8	17
2002	10	9	0
2002	10	10	0
2002	10	11	3
2002	10	12	0
2002	10	13	0
2002	10	14	0
2002	10	15	0
2002	10	16	8
2002	10	17	27
2002	10	18	0
2002	10	19	12
2002	10	20	0
2002	10	21	0
2002	10	22	7
2002	10	23	0
2002	10	24	0
2002	10	25	0
2002	10	26	0
2002	10	27	0
2002	10	28	0
2002	10	29	0
2002	10	30	0
2002	10	31	0
2002	11	1	0
2002	11	2	0
2002	11	3	0
2002	11	4	31
2002	11	5	0
2002	11	6	0
2002	11	7	0
2002	11	8	0
2002	11	9	0
2002	11	10	0
2002	11	11	9
2002	11	12	0
2002	11	13	0
2002	11	14	0
2002	11	15	5
2002	11	16	0
2002	11	17	0
2002	11	18	3
2002	11	19	35
2002	11	20	0
2002	11	21	0
2002	11	22	7
2002	11	23	0
2002	11	24	0
2002	11	25	3
2002	11	26	2
2002	11	27	0
2002	11	28	37
2002	11	29	0
2002	11	30	0
2002	12	1	0
2002	12	2	52
2002	12	3	0
2002	12	4	0
2002	12	5	0
2002	12	6	0
2002	12	7	0
2002	12	8	0
2002	12	9	0
2002	12	10	23
2002	12	11	0
2002	12	12	0
2002	12	13	0
2002	12	14	9
2002	12	15	0
2002	12	16	0
2002	12	17	0
2002	12	18	0
2002	12	19	0
2002	12	20	0
2002	12	21	0
2002	12	22	0
2002	12	23	0
2002	12	24	0
2002	12	25	0
2002	12	26	5
2002	12	27	0
2002	12	28	0
2002	12	29	30
2002	12	30	0
2002	12	31	0
2003	1	1	0
2003	1	2	3
2003	1	3	0
2003	1	4	33
2003	1	5	8
2003	1	6	18
2003	1	7	0
2003	1	8	0
2003	1	9	0
2003	1	10	0
2003	1	11	0
2003	1	12	20
2003	1	13	0
2003	1	14	9
2003	1	15	68
2003	1	16	22
2003	1	17	0
2003	1	18	0
2003	1	19	2
2003	1	20	17
2003	1	21	8
2003	1	22	70
2003	1	23	30
2003	1	24	42
2003	1	25	10
2003	1	26	26
2003	1	27	45
2003	1	28	0
2003	1	29	0
2003	1	30	20
2003	1	31	0
2003	2	1	51
2003	2	2	16
2003	2	3	0
2003	2	4	0
2003	2	5	0
2003	2	6	6
2003	2	7	0
2003	2	8	0
2003	2	9	0
2003	2	10	0
2003	2	11	32
2003	2	12	8
2003	2	13	5
2003	2	14	0
2003	2	15	5
2003	2	16	5
2003	2	17	7
2003	2	18	0
2003	2	19	0
2003	2	20	3
2003	2	21	0
2003	2	22	0
2003	2	23	0
2003	2	24	0
2003	2	25	0
2003	2	26	0
2003	2	27	0
2003	2	28	0
2003	3	1	0
2003	3	2	0
2003	3	3	0
2003	3	4	13
2003	3	5	0
2003	3	6	0
2003	3	7	32
2003	3	8	0
2003	3	9	27
2003	3	10	0
2003	3	11	12
2003	3	12	0
2003	3	13	0
2003	3	14	0
2003	3	15	0
2003	3	16	0
2003	3	17	0
2003	3	18	62
2003	3	19	0
2003	3	20	12
2003	3	21	5
2003	3	22	0
2003	3	23	3
2003	3	24	20
2003	3	25	33
2003	3	26	0
2003	3	27	0
2003	3	28	0
2003	3	29	0
2003	3	30	0
2003	3	31	0
2003	4	1	0
2003	4	2	9
2003	4	3	27
2003	4	4	0
2003	4	5	16
2003	4	6	0
2003	4	7	0
2003	4	8	0
2003	4	9	41
2003	4	10	0
2003	4	11	0
2003	4	12	0
2003	4	13	0
2003	4	14	0
2003	4	15	0
2003	4	16	0
2003	4	17	28
2003	4	18	0
2003	4	19	15
2003	4	20	0
2003	4	21	0
2003	4	22	0
2003	4	23	0
2003	4	24	0
2003	4	25	0
2003	4	26	0
2003	4	27	0
2003	4	28	0
2003	4	29	0
2003	4	30	0
2003	5	1	0
2003	5	2	0
2003	5	3	0
2003	5	4	0
2003	5	5	0
2003	5	6	0
2003	5	7	0
2003	5	8	0
2003	5	9	0
2003	5	10	0
2003	5	11	0
2003	5	12	0
2003	5	13	0
2003	5	14	0
2003	5	15	0
2003	5	16	0
2003	5	17	0
2003	5	18	0
2003	5	19	0
2003	5	20	0
2003	5	21	0
2003	5	22	0
2003	5	23	6
2003	5	24	0
2003	5	25	0
2003	5	26	0
2003	5	27	0
2003	5	28	0
2003	5	29	0
2003	5	30	0
2003	5	31	0
2003	6	1	0
2003	6	2	0
2003	6	3	5
2003	6	4	0
2003	6	5	0
2003	6	6	0
2003	6	7	0
2003	6	8	0
2003	6	9	0
2003	6	10	0
2003	6	11	0
2003	6	12	0
2003	6	13	0
2003	6	14	0
2003	6	15	0
2003	6	16	0
2003	6	17	0
2003	6	18	0
2003	6	19	0
2003	6	20	0
2003	6	21	0
2003	6	22	0
2003	6	23	0
2003	6	24	0
2003	6	25	0
2003	6	26	0
2003	6	27	0
2003	6	28	0
2003	6	29	0
2003	6	30	0
2003	7	1	0
2003	7	2	0
2003	7	3	0
2003	7	4	0
2003	7	5	0
2003	7	6	5
2003	7	7	0
2003	7	8	0
2003	7	9	0
2003	7	10	0
2003	7	11	0
2003	7	12	0
2003	7	13	0
2003	7	14	0
2003	7	15	0
2003	7	16	0
2003	7	17	0
2003	7	18	0
2003	7	19	0
2003	7	20	0
2003	7	21	0
2003	7	22	0
2003	7	23	0
2003	7	24	0
2003	7	25	0
2003	7	26	0
2003	7	27	0
2003	7	28	0
2003	7	29	0
2003	7	30	0
2003	7	31	0
2003	8	1	0
2003	8	2	0
2003	8	3	0
2003	8	4	0
2003	8	5	0
2003	8	6	0
2003	8	7	0
2003	8	8	0
2003	8	9	0
2003	8	10	0
2003	8	11	0
2003	8	12	0
2003	8	13	0
2003	8	14	0
2003	8	15	0
2003	8	16	0
2003	8	17	0
2003	8	18	0
2003	8	19	0
2003	8	20	0
2003	8	21	0
2003	8	22	0
2003	8	23	0
2003	8	24	0
2003	8	25	13
2003	8	26	0
2003	8	27	0
2003	8	28	0
2003	8	29	0
2003	8	30	0
2003	8	31	0
2003	9	1	0
2003	9	2	0
2003	9	3	0
2003	9	4	0
2003	9	5	0
2003	9	6	0
2003	9	7	0
2003	9	8	13
2003	9	9	0
2003	9	10	0
2003	9	11	0
2003	9	12	0
2003	9	13	0
2003	9	14	0
2003	9	15	20
2003	9	16	0
2003	9	17	0
2003	9	18	0
2003	9	19	0
2003	9	20	0
2003	9	21	0
2003	9	22	0
2003	9	23	0
2003	9	24	0
2003	9	25	0
2003	9	26	8
2003	9	27	0
2003	9	28	0
2003	9	29	0
2003	9	30	0
2003	10	1	0
2003	10	2	0
2003	10	3	0
2003	10	4	0
2003	10	5	13
2003	10	6	0
2003	10	7	0
2003	10	8	0
2003	10	9	9
2003	10	10	7
2003	10	11	0
2003	10	12	0
2003	10	13	0
2003	10	14	0
2003	10	15	0
2003	10	16	0
2003	10	17	0
2003	10	18	0
2003	10	19	0
2003	10	20	0
2003	10	21	10
2003	10	22	55
2003	10	23	0
2003	10	24	0
2003	10	25	0
2003	10	26	35
2003	10	27	0
2003	10	28	31
2003	10	29	0
2003	10	30	0
2003	10	31	8
2003	11	1	13
2003	11	2	0
2003	11	3	0
2003	11	4	0
2003	11	5	0
2003	11	6	0
2003	11	7	0
2003	11	8	0
2003	11	9	0
2003	11	10	0
2003	11	11	0
2003	11	12	0
2003	11	13	16
2003	11	14	0
2003	11	15	0
2003	11	16	3
2003	11	17	0
2003	11	18	11
2003	11	19	0
2003	11	20	0
2003	11	21	0
2003	11	22	0
2003	11	23	0
2003	11	24	0
2003	11	25	27
2003	11	26	0
2003	11	27	3
2003	11	28	0
2003	11	29	67
2003	11	30	16
2003	12	1	0
2003	12	2	25
2003	12	3	33
2003	12	4	0
2003	12	5	21
2003	12	6	4
2003	12	7	0
2003	12	8	0
2003	12	9	16
2003	12	10	23
2003	12	11	0
2003	12	12	0
2003	12	13	0
2003	12	14	20
2003	12	15	0
2003	12	16	13
2003	12	17	0
2003	12	18	12
2003	12	19	0
2003	12	20	5
2003	12	21	0
2003	12	22	0
2003	12	23	0
2003	12	24	0
2003	12	25	0
2003	12	26	3
2003	12	27	64
2003	12	28	7
2003	12	29	0
2003	12	30	0
2003	12	31	13
2004	1	1	
2004	1	2	
2004	1	3	
2004	1	4	
2004	1	5	
2004	1	6	
2004	1	7	
2004	1	8	
2004	1	9	
2004	1	10	
2004	1	11	
2004	1	12	
2004	1	13	
2004	1	14	
2004	1	15	
2004	1	16	
2004	1	17	
2004	1	18	
2004	1	19	
2004	1	20	
2004	1	21	
2004	1	22	
2004	1	23	
2004	1	24	
2004	1	25	
2004	1	26	
2004	1	27	
2004	1	28	
2004	1	29	
2004	1	30	
2004	1	31	
2004	2	1	
2004	2	2	
2004	2	3	
2004	2	4	
2004	2	5	
2004	2	6	
2004	2	7	
2004	2	8	
2004	2	9	
2004	2	10	
2004	2	11	
2004	2	12	
2004	2	13	
2004	2	14	
2004	2	15	
2004	2	16	
2004	2	17	
2004	2	18	
2004	2	19	
2004	2	20	
2004	2	21	
2004	2	22	
2004	2	23	
2004	2	24	
2004	2	25	
2004	2	26	
2004	2	27	
2004	2	28	
2004	2	29	
2004	3	1	
2004	3	2	
2004	3	3	
2004	3	4	
2004	3	5	
2004	3	6	
2004	3	7	
2004	3	8	
2004	3	9	
2004	3	10	
2004	3	11	
2004	3	12	
2004	3	13	
2004	3	14	
2004	3	15	
2004	3	16	
2004	3	17	
2004	3	18	
2004	3	19	
2004	3	20	
2004	3	21	
2004	3	22	
2004	3	23	
2004	3	24	
2004	3	25	
2004	3	26	
2004	3	27	
2004	3	28	
2004	3	29	
2004	3	30	
2004	3	31	
2004	4	1	
2004	4	2	
2004	4	3	
2004	4	4	
2004	4	5	
2004	4	6	
2004	4	7	
2004	4	8	
2004	4	9	
2004	4	10	
2004	4	11	
2004	4	12	
2004	4	13	
2004	4	14	
2004	4	15	
2004	4	16	
2004	4	17	
2004	4	18	
2004	4	19	
2004	4	20	
2004	4	21	
2004	4	22	
2004	4	23	
2004	4	24	
2004	4	25	
2004	4	26	
2004	4	27	
2004	4	28	
2004	4	29	
2004	4	30	
2004	5	1	
2004	5	2	
2004	5	3	
2004	5	4	
2004	5	5	
2004	5	6	
2004	5	7	
2004	5	8	
2004	5	9	
2004	5	10	
2004	5	11	
2004	5	12	
2004	5	13	
2004	5	14	
2004	5	15	
2004	5	16	
2004	5	17	
2004	5	18	
2004	5	19	
2004	5	20	
2004	5	21	
2004	5	22	
2004	5	23	
2004	5	24	
2004	5	25	
2004	5	26	
2004	5	27	
2004	5	28	
2004	5	29	
2004	5	30	
2004	5	31	
2004	6	1	
2004	6	2	
2004	6	3	
2004	6	4	
2004	6	5	
2004	6	6	
2004	6	7	
2004	6	8	
2004	6	9	
2004	6	10	
2004	6	11	
2004	6	12	
2004	6	13	
2004	6	14	
2004	6	15	
2004	6	16	
2004	6	17	
2004	6	18	
2004	6	19	
2004	6	20	
2004	6	21	
2004	6	22	
2004	6	23	
2004	6	24	
2004	6	25	
2004	6	26	
2004	6	27	
2004	6	28	
2004	6	29	
2004	6	30	
2004	7	1	
2004	7	2	
2004	7	3	
2004	7	4	
2004	7	5	
2004	7	6	
2004	7	7	
2004	7	8	
2004	7	9	
2004	7	10	
2004	7	11	
2004	7	12	
2004	7	13	
2004	7	14	
2004	7	15	
2004	7	16	
2004	7	17	
2004	7	18	
2004	7	19	
2004	7	20	
2004	7	21	
2004	7	22	
2004	7	23	
2004	7	24	
2004	7	25	
2004	7	26	
2004	7	27	
2004	7	28	
2004	7	29	
2004	7	30	
2004	7	31	
2004	8	1	
2004	8	2	
2004	8	3	
2004	8	4	
2004	8	5	
2004	8	6	
2004	8	7	
2004	8	8	
2004	8	9	
2004	8	10	
2004	8	11	
2004	8	12	
2004	8	13	
2004	8	14	
2004	8	15	
2004	8	16	
2004	8	17	
2004	8	18	
2004	8	19	
2004	8	20	
2004	8	21	
2004	8	22	
2004	8	23	
2004	8	24	
2004	8	25	
2004	8	26	
2004	8	27	
2004	8	28	
2004	8	29	
2004	8	30	
2004	8	31	
2004	9	1	
2004	9	2	
2004	9	3	
2004	9	4	
2004	9	5	
2004	9	6	
2004	9	7	
2004	9	8	
2004	9	9	
2004	9	10	
2004	9	11	
2004	9	12	
2004	9	13	
2004	9	14	
2004	9	15	
2004	9	16	
2004	9	17	
2004	9	18	
2004	9	19	
2004	9	20	
2004	9	21	
2004	9	22	
2004	9	23	
2004	9	24	
2004	9	25	
2004	9	26	
2004	9	27	
2004	9	28	
2004	9	29	
2004	9	30	
2004	10	1	
2004	10	2	
2004	10	3	
2004	10	4	
2004	10	5	
2004	10	6	
2004	10	7	
2004	10	8	
2004	10	9	
2004	10	10	
2004	10	11	
2004	10	12	
2004	10	13	
2004	10	14	
2004	10	15	
2004	10	16	
2004	10	17	
2004	10	18	
2004	10	19	
2004	10	20	
2004	10	21	
2004	10	22	
2004	10	23	
2004	10	24	
2004	10	25	
2004	10	26	
2004	10	27	
2004	10	28	
2004	10	29	
2004	10	30	
2004	10	31	
2004	11	1	
2004	11	2	
2004	11	3	
2004	11	4	
2004	11	5	
2004	11	6	
2004	11	7	
2004	11	8	
2004	11	9	
2004	11	10	
2004	11	11	
2004	11	12	
2004	11	13	
2004	11	14	
2004	11	15	
2004	11	16	
2004	11	17	
2004	11	18	
2004	11	19	
2004	11	20	
2004	11	21	
2004	11	22	
2004	11	23	
2004	11	24	
2004	11	25	
2004	11	26	
2004	11	27	
2004	11	28	
2004	11	29	
2004	11	30	
2004	12	1	
2004	12	2	
2004	12	3	
2004	12	4	
2004	12	5	
2004	12	6	
2004	12	7	
2004	12	8	
2004	12	9	
2004	12	10	
2004	12	11	
2004	12	12	
2004	12	13	
2004	12	14	
2004	12	15	
2004	12	16	
2004	12	17	
2004	12	18	
2004	12	19	
2004	12	20	
2004	12	21	
2004	12	22	
2004	12	23	
2004	12	24	
2004	12	25	
2004	12	26	
2004	12	27	
2004	12	28	
2004	12	29	
2004	12	30	
2004	12	31
